53022926
53897672
53930393
53995658
51957553
52746597
53920403
53995673
54002531
53674130
54016946
46876859
54016955
53624084
53937758
54018890
53990120
54016931
53561864
53988317
53847701
52746029
54017066
50457361
54017084
54017057
53840984
51910481
53889248
51079048
54018536
54018872
54018548
54018527
53938874
53988452
52909871
52047909
52158133
51335554
51485188
52982480
53629157
53889290
54018542
50286103
53041790
52818355
53982041
54018560
53970647
50275639
53991815
54018545
54018557
52587701
53723471
54018521
53920433
53994152
53857070
53990390
53484527
54018554
54019199
52199341
50345248
53841014
50046362
54006311
51926093
53990936
27088117
53764751
54018899
53858648
54019193
54019160
54019190
54019172
54019139
54019163
54019202
54019151
54019175
54019145
54019157
54019148
54019412
54019400
54019430
54019418
54019403
54019448
54019442
54019445
54019409
54019415
54019454
54019421
29064066
35142506
35166876
36285302
39842852
39843536
39893866
43002956
44710222
46211098
46376006
46988036
47653678
48322546
48751628
48764198
48902450
48921050
49082732
49366646
49484804
49807328
50118878
50201566
50204614
50345188
50364196
50365090
50567296
50635768
50766862
50850328
50912866
50939956
50964688
51010114
51094780
51119092
51183868
51189658
51218650
51246160
51317326
51336358
51343978
51345538
51357964
51381880
51397336
51404530
51454426
52828370
52834784
52855250
52862540
52893752
52902698
52920812
52996490
52997600
53008898
53009540
53022890
53022968
53029622
53033378
53061962
53062088
53120012
53133062
53175146
53191256
53191346
53224496
53239706
53258450
53263472
53264420
53289584
53299796
53303642
53317460
53321030
53359958
53398952
53417888
53427308
53427392
53440214
53442476
53448128
53456624
53467874
53490134
53496140
53501000
53505164
53508686
53528222
53551124
53565632
53576510
53581286
53589038
53589122
53594564
53600810
53604050
53607560
53607914
53608046
53628920
53632340
53635202
53636594
53636840
53637830
53649560
53661122
53661134
53676110
53677034
53702522
53704676
53706248
53706776
53720522
53725094
53742134
53762534
53762552
53766896
53782136
53784098
53786558
53787884
53799326
53802962
53804504
53804948
53810894
53816744
53828012
53830694
53839562
53841596
53844164
53852804
53853716
53864870
53875826
53880878
53886620
53887556
53896148
53902274
53904794
53905502
53906024
53906318
53908592
53915690
53920358
53922860
53927174
53928326
53929892
53935262
53946212
53948924
53948960
53949530
53949608
53950100
53950700
53961410
53963564
53970236
53972156
53974220
53974832
53980496
53981438
53984588
53988128
53989382
53989640
53990246
53991506
53993408
53993744
53999630
53999984
54002234
54003404
54006956
54008540
54008714
54009146
54009470
54009620
54011774
54013394
54014450
54015758
54015860
54020138
54022412
54022580
54022724
54022898
54024410
54027074
54027140
54027260
54027302
54028316
54028394
54028922
54028940
54029024
54029132
54029360
54029732
54029750
54029756
54029768
54029810
54029858
54029864
54029882
54029894
54029906
54029948
54029996
54030056
54030080
54030086
54030092
54030122
54030458
54030470
54030476
54030482
54030506
54030518
54030524
54030536
54030572
54030590
54030638
54030644
54030680
54030686
54030710
54030746
54030764
54030788
54030800
54030806
54030836
54030842
54030848
54030866
54030896
54030902
54030914
54030926
54030944
54030968
54031004
54031022
54031040
54031046
54031064
54031088
54031100
54031130
54031154
54031178
54031184
54031208
54031214
54031232
54031244
54031262
54031334
54031370
54031394
54031412
